0.000000000000000000e+00 6.016270816326141357e-02 7.792579531669616699e-01 9.581384753733622472e-02
0.000000000000000000e+00 1.026543527841567993e-01 7.235258221626281738e-01 9.945954486148662899e-02
0.000000000000000000e+00 1.324073374271392822e-01 8.351805210113525391e-01 3.063346223541590918e-02
1.000000000000000000e+00 7.127051800489425659e-02 8.733825683593750000e-01 1.012411026750169168e-01
1.000000000000000000e+00 1.760479658842086792e-01 8.423198461532592773e-01 4.059487803509044535e-02
1.000000000000000000e+00 7.127049565315246582e-02 8.733825683593750000e-01 1.012411202116740572e-01
2.000000000000000000e+00 7.127039134502410889e-02 8.733825683593750000e-01 1.012412020494325160e-01
2.000000000000000000e+00 1.890146434307098389e-01 8.318524956703186035e-01 4.380768375288716238e-02
2.000000000000000000e+00 2.048987746238708496e-01 8.261830210685729980e-01 5.638990159052057610e-02
3.000000000000000000e+00 1.703307926654815674e-01 8.171373605728149414e-01 2.068575313394521373e-02
3.000000000000000000e+00 1.659330725669860840e-01 8.451943993568420410e-01 3.778991101775878991e-02
3.000000000000000000e+00 1.751788407564163208e-01 7.903829813003540039e-01 3.175289257131440335e-02
4.000000000000000000e+00 1.865449547767639160e-01 8.375319242477416992e-01 4.482766366950279024e-02
4.000000000000000000e+00 1.699870228767395020e-01 7.920739650726318359e-01 2.674873041362707191e-02
4.000000000000000000e+00 1.706787645816802979e-01 8.062580823898315430e-01 2.044534116388945638e-02
5.000000000000000000e+00 1.642076224088668823e-01 8.026816248893737793e-01 1.566080451244737659e-02
5.000000000000000000e+00 2.571257054805755615e-01 7.201724648475646973e-01 1.396601025284088526e-01
5.000000000000000000e+00 2.448528409004211426e-01 7.753432989120483398e-01 1.005391717674289503e-01
6.000000000000000000e+00 1.432405412197113037e-01 8.058254122734069824e-01 8.863597366090892812e-03
6.000000000000000000e+00 3.221021592617034912e-01 5.347769260406494141e-01 3.247489054088508187e-01
6.000000000000000000e+00 1.557611674070358276e-01 8.121000528335571289e-01 5.274137656354730905e-03
7.000000000000000000e+00 1.661181598901748657e-01 8.461713790893554688e-01 3.875927079730778074e-02
7.000000000000000000e+00 1.425154060125350952e-01 8.053074479103088379e-01 9.753709807790202080e-03
7.000000000000000000e+00 1.490266621112823486e-01 8.005952239036560059e-01 1.015380022129575011e-02
8.000000000000000000e+00 2.808271348476409912e-01 5.306498408317565918e-01 3.087234796197467768e-01
8.000000000000000000e+00 1.462347209453582764e-01 8.033965229988098145e-01 8.484593785058416188e-03
8.000000000000000000e+00 2.129528224468231201e-01 7.366690635681152344e-01 9.665617655495888083e-02
9.000000000000000000e+00 1.432920098304748535e-01 8.058608174324035645e-01 8.801159992212936184e-03
9.000000000000000000e+00 1.404140889644622803e-01 8.091145157814025879e-01 1.039594908661883692e-02
9.000000000000000000e+00 1.443789452314376831e-01 8.077378869056701660e-01 6.944668694587763369e-03
1.000000000000000000e+01 1.446003764867782593e-01 8.086459636688232422e-01 6.409827092234601786e-03
1.000000000000000000e+01 1.484824866056442261e-01 8.104277849197387695e-01 2.226900077956632008e-03
1.000000000000000000e+01 4.766139015555381775e-02 6.495403647422790527e-01 1.912086252641388706e-01
1.100000000000000000e+01 1.977286636829376221e-01 4.351807236671447754e-01 3.783629971298756445e-01
1.100000000000000000e+01 1.984984576702117920e-01 4.368722736835479736e-01 3.767815002859463136e-01
1.100000000000000000e+01 3.128195554018020630e-02 3.326910436153411865e-01 4.926129666511769867e-01
1.200000000000000000e+01 1.420105248689651489e-01 8.109156489372253418e-01 8.696782388345118339e-03
1.200000000000000000e+01 1.325061172246932983e-01 7.908118963241577148e-01 2.688954005228347613e-02
1.200000000000000000e+01 1.285826563835144043e-01 2.236383706331253052e-01 5.873881198443818841e-01
1.300000000000000000e+01 1.352149099111557007e-01 8.039794564247131348e-01 1.684666659644022679e-02
1.300000000000000000e+01 1.378601193428039551e-01 8.561007380485534668e-01 4.726871245090330520e-02
1.300000000000000000e+01 1.457497477531433105e-01 8.077328801155090332e-01 5.727231425527151872e-03
1.400000000000000000e+01 1.446931958198547363e-01 8.070775270462036133e-01 6.970102810639221269e-03
1.400000000000000000e+01 1.484270989894866943e-01 7.839002013206481934e-01 2.680636598062366080e-02
1.400000000000000000e+01 1.486728936433792114e-01 7.871251702308654785e-01 2.357218937186094168e-02
1.500000000000000000e+01 1.041134223341941833e-01 2.712096869945526123e-01 5.414083915796253921e-01
1.500000000000000000e+01 1.024038791656494141e-01 2.779452502727508545e-01 5.348497908979421567e-01
1.500000000000000000e+01 1.478575170040130615e-01 8.037432432174682617e-01 7.432445671669655855e-03
1.600000000000000000e+01 1.413084417581558228e-01 8.039720654487609863e-01 1.150208983663898385e-02
1.600000000000000000e+01 1.354359686374664307e-01 8.142331242561340332e-01 1.569004613527193864e-02
1.700000000000000000e+01 1.357125937938690186e-01 8.147529959678649902e-01 1.555138877033260605e-02
1.700000000000000000e+01 1.405353248119354248e-01 8.138412237167358398e-01 1.066777895780769356e-02
1.700000000000000000e+01 1.311191618442535400e-01 8.139795660972595215e-01 1.987057272525390508e-02
1.800000000000000000e+01 1.429482698440551758e-01 8.070731759071350098e-01 8.522174072406189099e-03
1.800000000000000000e+01 1.347777396440505981e-01 8.015183806419372559e-01 1.833671228002118139e-02
1.800000000000000000e+01 1.438059806823730469e-01 8.086068630218505859e-01 7.180957731792805138e-03
1.900000000000000000e+01 1.397838145494461060e-01 8.174194097518920898e-01 1.286759793528781046e-02
1.900000000000000000e+01 1.467885226011276245e-01 8.062260746955871582e-01 5.876429080703758634e-03
