1.000000000000000021e-02 6.500000000000000222e-01 5.000000000000000000e-01 1.499999999999999944e-02 1.000000000000000000e+03 7.499999999999999722e-02 5.018896233000000429e+00 2.040767699000000102e-01
1.473684210526315930e-02 6.500000000000000222e-01 5.000000000000000000e-01 1.499999999999999944e-02 1.000000000000000000e+03 7.499999999999999722e-02 5.029152488000000254e+00 2.982662200999999791e-01
1.947368421052631665e-02 6.500000000000000222e-01 5.000000000000000000e-01 1.499999999999999944e-02 1.000000000000000000e+03 7.499999999999999722e-02 5.068291438000000149e+00 3.300595798000000025e-01
2.421052631578947401e-02 6.500000000000000222e-01 5.000000000000000000e-01 1.499999999999999944e-02 1.000000000000000000e+03 7.499999999999999722e-02 4.701151214000000245e+00 7.986227161000000185e-01
2.894736842105263136e-02 6.500000000000000222e-01 5.000000000000000000e-01 1.499999999999999944e-02 1.000000000000000000e+03 7.499999999999999722e-02 3.467960199000000188e+00 7.178245759000000392e-01
3.368421052631578871e-02 6.500000000000000222e-01 5.000000000000000000e-01 1.499999999999999944e-02 1.000000000000000000e+03 7.499999999999999722e-02 2.729119267999999821e+00 1.636841760000000034e+00
3.842105263157895301e-02 6.500000000000000222e-01 5.000000000000000000e-01 1.499999999999999944e-02 1.000000000000000000e+03 7.499999999999999722e-02 2.258329976999999822e+00 1.899549147000000104e+00
4.315789473684211036e-02 6.500000000000000222e-01 5.000000000000000000e-01 1.499999999999999944e-02 1.000000000000000000e+03 7.499999999999999722e-02 1.955945534000000041e+00 1.946577052999999946e+00
4.789473684210526772e-02 6.500000000000000222e-01 5.000000000000000000e-01 1.499999999999999944e-02 1.000000000000000000e+03 7.499999999999999722e-02 1.940119165999999895e+00 1.960857741000000098e+00
5.263157894736842507e-02 6.500000000000000222e-01 5.000000000000000000e-01 1.499999999999999944e-02 1.000000000000000000e+03 7.499999999999999722e-02 1.936508887000000012e+00 1.958337060000000074e+00
5.736842105263158242e-02 6.500000000000000222e-01 5.000000000000000000e-01 1.499999999999999944e-02 1.000000000000000000e+03 7.499999999999999722e-02 1.931356832999999940e+00 1.954752392000000061e+00
6.210526315789473978e-02 6.500000000000000222e-01 5.000000000000000000e-01 1.499999999999999944e-02 1.000000000000000000e+03 7.499999999999999722e-02 1.926707670999999955e+00 1.952205519000000056e+00
6.684210526315789713e-02 6.500000000000000222e-01 5.000000000000000000e-01 1.499999999999999944e-02 1.000000000000000000e+03 7.499999999999999722e-02 1.923967562999999936e+00 1.950948555000000084e+00
7.157894736842106143e-02 6.500000000000000222e-01 5.000000000000000000e-01 1.499999999999999944e-02 1.000000000000000000e+03 7.499999999999999722e-02 1.922463044999999981e+00 1.950607170000000057e+00
7.631578947368421184e-02 6.500000000000000222e-01 5.000000000000000000e-01 1.499999999999999944e-02 1.000000000000000000e+03 7.499999999999999722e-02 1.922191846000000037e+00 1.950772106999999922e+00
8.105263157894736226e-02 6.500000000000000222e-01 5.000000000000000000e-01 1.499999999999999944e-02 1.000000000000000000e+03 7.499999999999999722e-02 1.922475189999999889e+00 1.951301221000000030e+00
8.578947368421052655e-02 6.500000000000000222e-01 5.000000000000000000e-01 1.499999999999999944e-02 1.000000000000000000e+03 7.499999999999999722e-02 1.923285893000000080e+00 1.952021776999999902e+00
9.052631578947369084e-02 6.500000000000000222e-01 5.000000000000000000e-01 1.499999999999999944e-02 1.000000000000000000e+03 7.499999999999999722e-02 1.924576728999999986e+00 1.953241315000000089e+00
9.526315789473684126e-02 6.500000000000000222e-01 5.000000000000000000e-01 1.499999999999999944e-02 1.000000000000000000e+03 7.499999999999999722e-02 1.925243154999999984e+00 1.953643931000000000e+00
1.000000000000000056e-01 6.500000000000000222e-01 5.000000000000000000e-01 1.499999999999999944e-02 1.000000000000000000e+03 7.499999999999999722e-02 1.926019844000000036e+00 1.954609409999999992e+00
1.000000000000000021e-02 6.605263157894737391e-01 5.000000000000000000e-01 1.499999999999999944e-02 1.000000000000000000e+03 7.499999999999999722e-02 4.962499520999999802e+00 1.217201425000000031e-01
1.473684210526315930e-02 6.605263157894737391e-01 5.000000000000000000e-01 1.499999999999999944e-02 1.000000000000000000e+03 7.499999999999999722e-02 4.912406124000000318e+00 2.897855330999999923e-01
1.947368421052631665e-02 6.605263157894737391e-01 5.000000000000000000e-01 1.499999999999999944e-02 1.000000000000000000e+03 7.499999999999999722e-02 4.949438780000000371e+00 3.828649903999999937e-01
2.421052631578947401e-02 6.605263157894737391e-01 5.000000000000000000e-01 1.499999999999999944e-02 1.000000000000000000e+03 7.499999999999999722e-02 4.866600752000000085e+00 5.366620534999999581e-01
2.894736842105263136e-02 6.605263157894737391e-01 5.000000000000000000e-01 1.499999999999999944e-02 1.000000000000000000e+03 7.499999999999999722e-02 3.608040594999999851e+00 6.081591944999999999e-01
3.368421052631578871e-02 6.605263157894737391e-01 5.000000000000000000e-01 1.499999999999999944e-02 1.000000000000000000e+03 7.499999999999999722e-02 3.001470566000000062e+00 1.257734072000000092e+00
3.842105263157895301e-02 6.605263157894737391e-01 5.000000000000000000e-01 1.499999999999999944e-02 1.000000000000000000e+03 7.499999999999999722e-02 2.431740495000000113e+00 1.752301593999999962e+00
4.315789473684211036e-02 6.605263157894737391e-01 5.000000000000000000e-01 1.499999999999999944e-02 1.000000000000000000e+03 7.499999999999999722e-02 2.115113556999999922e+00 1.892957781000000006e+00
4.789473684210526772e-02 6.605263157894737391e-01 5.000000000000000000e-01 1.499999999999999944e-02 1.000000000000000000e+03 7.499999999999999722e-02 1.891343334000000098e+00 1.907306149999999922e+00
5.263157894736842507e-02 6.605263157894737391e-01 5.000000000000000000e-01 1.499999999999999944e-02 1.000000000000000000e+03 7.499999999999999722e-02 1.890343099999999943e+00 1.910573070000000095e+00
5.736842105263158242e-02 6.605263157894737391e-01 5.000000000000000000e-01 1.499999999999999944e-02 1.000000000000000000e+03 7.499999999999999722e-02 1.887135726999999985e+00 1.908952473999999899e+00
6.210526315789473978e-02 6.605263157894737391e-01 5.000000000000000000e-01 1.499999999999999944e-02 1.000000000000000000e+03 7.499999999999999722e-02 1.882854484000000106e+00 1.907489699999999955e+00
6.684210526315789713e-02 6.605263157894737391e-01 5.000000000000000000e-01 1.499999999999999944e-02 1.000000000000000000e+03 7.499999999999999722e-02 1.879228117999999892e+00 1.906018984999999999e+00
7.157894736842106143e-02 6.605263157894737391e-01 5.000000000000000000e-01 1.499999999999999944e-02 1.000000000000000000e+03 7.499999999999999722e-02 1.876691415000000029e+00 1.904853147999999941e+00
7.631578947368421184e-02 6.605263157894737391e-01 5.000000000000000000e-01 1.499999999999999944e-02 1.000000000000000000e+03 7.499999999999999722e-02 1.875622985999999992e+00 1.904656010999999927e+00
8.105263157894736226e-02 6.605263157894737391e-01 5.000000000000000000e-01 1.499999999999999944e-02 1.000000000000000000e+03 7.499999999999999722e-02 1.875500251000000063e+00 1.904639538000000076e+00
8.578947368421052655e-02 6.605263157894737391e-01 5.000000000000000000e-01 1.499999999999999944e-02 1.000000000000000000e+03 7.499999999999999722e-02 1.873900439000000029e+00 1.901806676999999945e+00
9.052631578947369084e-02 6.605263157894737391e-01 5.000000000000000000e-01 1.499999999999999944e-02 1.000000000000000000e+03 7.499999999999999722e-02 1.875141514999999925e+00 1.902411912000000038e+00
9.526315789473684126e-02 6.605263157894737391e-01 5.000000000000000000e-01 1.499999999999999944e-02 1.000000000000000000e+03 7.499999999999999722e-02 1.876370778999999933e+00 1.903026611999999895e+00
1.000000000000000056e-01 6.605263157894737391e-01 5.000000000000000000e-01 1.499999999999999944e-02 1.000000000000000000e+03 7.499999999999999722e-02 1.877134558000000064e+00 1.902472380000000074e+00
1.000000000000000021e-02 6.710526315789473450e-01 5.000000000000000000e-01 1.499999999999999944e-02 1.000000000000000000e+03 7.499999999999999722e-02 4.832632836000000154e+00 1.523761664999999932e-01
1.473684210526315930e-02 6.710526315789473450e-01 5.000000000000000000e-01 1.499999999999999944e-02 1.000000000000000000e+03 7.499999999999999722e-02 4.758443474999999978e+00 2.272420468999999943e-01
1.947368421052631665e-02 6.710526315789473450e-01 5.000000000000000000e-01 1.499999999999999944e-02 1.000000000000000000e+03 7.499999999999999722e-02 4.747301536000000155e+00 3.303295348999999992e-01
2.421052631578947401e-02 6.710526315789473450e-01 5.000000000000000000e-01 1.499999999999999944e-02 1.000000000000000000e+03 7.499999999999999722e-02 4.806591251000000398e+00 4.332586626000000107e-01
2.894736842105263136e-02 6.710526315789473450e-01 5.000000000000000000e-01 1.499999999999999944e-02 1.000000000000000000e+03 7.499999999999999722e-02 3.933405893000000209e+00 8.018914282000000338e-01
3.368421052631578871e-02 6.710526315789473450e-01 5.000000000000000000e-01 1.499999999999999944e-02 1.000000000000000000e+03 7.499999999999999722e-02 3.209220175000000008e+00 7.888644138999999500e-01
3.842105263157895301e-02 6.710526315789473450e-01 5.000000000000000000e-01 1.499999999999999944e-02 1.000000000000000000e+03 7.499999999999999722e-02 2.601736717000000088e+00 1.583401065999999968e+00
4.315789473684211036e-02 6.710526315789473450e-01 5.000000000000000000e-01 1.499999999999999944e-02 1.000000000000000000e+03 7.499999999999999722e-02 2.224808792999999785e+00 1.787220059000000028e+00
4.789473684210526772e-02 6.710526315789473450e-01 5.000000000000000000e-01 1.499999999999999944e-02 1.000000000000000000e+03 7.499999999999999722e-02 1.995828973999999922e+00 1.859734840000000000e+00
5.263157894736842507e-02 6.710526315789473450e-01 5.000000000000000000e-01 1.499999999999999944e-02 1.000000000000000000e+03 7.499999999999999722e-02 1.839731731999999953e+00 1.859365428999999903e+00
5.736842105263158242e-02 6.710526315789473450e-01 5.000000000000000000e-01 1.499999999999999944e-02 1.000000000000000000e+03 7.499999999999999722e-02 1.840984508000000019e+00 1.860050822000000048e+00
6.210526315789473978e-02 6.710526315789473450e-01 5.000000000000000000e-01 1.499999999999999944e-02 1.000000000000000000e+03 7.499999999999999722e-02 1.838468463999999969e+00 1.859100828000000094e+00
6.684210526315789713e-02 6.710526315789473450e-01 5.000000000000000000e-01 1.499999999999999944e-02 1.000000000000000000e+03 7.499999999999999722e-02 1.832639050000000047e+00 1.854014486000000073e+00
7.157894736842106143e-02 6.710526315789473450e-01 5.000000000000000000e-01 1.499999999999999944e-02 1.000000000000000000e+03 7.499999999999999722e-02 1.830231377000000048e+00 1.852581003999999920e+00
7.631578947368421184e-02 6.710526315789473450e-01 5.000000000000000000e-01 1.499999999999999944e-02 1.000000000000000000e+03 7.499999999999999722e-02 1.830140152000000020e+00 1.854238819000000094e+00
8.105263157894736226e-02 6.710526315789473450e-01 5.000000000000000000e-01 1.499999999999999944e-02 1.000000000000000000e+03 7.499999999999999722e-02 1.827559262000000073e+00 1.850763345000000060e+00
8.578947368421052655e-02 6.710526315789473450e-01 5.000000000000000000e-01 1.499999999999999944e-02 1.000000000000000000e+03 7.499999999999999722e-02 1.827312017999999982e+00 1.849505369000000066e+00
9.052631578947369084e-02 6.710526315789473450e-01 5.000000000000000000e-01 1.499999999999999944e-02 1.000000000000000000e+03 7.499999999999999722e-02 1.826788022999999983e+00 1.848396742000000037e+00
9.526315789473684126e-02 6.710526315789473450e-01 5.000000000000000000e-01 1.499999999999999944e-02 1.000000000000000000e+03 7.499999999999999722e-02 1.828608245999999937e+00 1.848873919000000088e+00
1.000000000000000056e-01 6.710526315789473450e-01 5.000000000000000000e-01 1.499999999999999944e-02 1.000000000000000000e+03 7.499999999999999722e-02 1.829615669000000056e+00 1.849371571000000047e+00
1.000000000000000021e-02 6.815789473684210620e-01 5.000000000000000000e-01 1.499999999999999944e-02 1.000000000000000000e+03 7.499999999999999722e-02 4.683402146999999793e+00 1.500373664000000107e-01
1.473684210526315930e-02 6.815789473684210620e-01 5.000000000000000000e-01 1.499999999999999944e-02 1.000000000000000000e+03 7.499999999999999722e-02 4.629222374000000251e+00 2.361836863000000009e-01
1.947368421052631665e-02 6.815789473684210620e-01 5.000000000000000000e-01 1.499999999999999944e-02 1.000000000000000000e+03 7.499999999999999722e-02 4.612242604999999607e+00 3.332398005000000163e-01
2.421052631578947401e-02 6.815789473684210620e-01 5.000000000000000000e-01 1.499999999999999944e-02 1.000000000000000000e+03 7.499999999999999722e-02 4.758694743000000393e+00 3.635083449000000022e-01
2.894736842105263136e-02 6.815789473684210620e-01 5.000000000000000000e-01 1.499999999999999944e-02 1.000000000000000000e+03 7.499999999999999722e-02 4.600849270000000324e+00 6.812183871000000446e-01
3.368421052631578871e-02 6.815789473684210620e-01 5.000000000000000000e-01 1.499999999999999944e-02 1.000000000000000000e+03 7.499999999999999722e-02 3.313689575000000165e+00 5.904424729999999677e-01
3.842105263157895301e-02 6.815789473684210620e-01 5.000000000000000000e-01 1.499999999999999944e-02 1.000000000000000000e+03 7.499999999999999722e-02 2.735960348999999958e+00 1.353773128999999908e+00
4.315789473684211036e-02 6.815789473684210620e-01 5.000000000000000000e-01 1.499999999999999944e-02 1.000000000000000000e+03 7.499999999999999722e-02 2.315115864000000023e+00 1.676661565000000076e+00
4.789473684210526772e-02 6.815789473684210620e-01 5.000000000000000000e-01 1.499999999999999944e-02 1.000000000000000000e+03 7.499999999999999722e-02 2.074503164999999871e+00 1.786449900000000035e+00
5.263157894736842507e-02 6.815789473684210620e-01 5.000000000000000000e-01 1.499999999999999944e-02 1.000000000000000000e+03 7.499999999999999722e-02 1.896333386000000010e+00 1.813110001999999943e+00
5.736842105263158242e-02 6.815789473684210620e-01 5.000000000000000000e-01 1.499999999999999944e-02 1.000000000000000000e+03 7.499999999999999722e-02 1.793494982999999987e+00 1.810773436000000070e+00
6.210526315789473978e-02 6.815789473684210620e-01 5.000000000000000000e-01 1.499999999999999944e-02 1.000000000000000000e+03 7.499999999999999722e-02 1.790690142999999956e+00 1.807074236000000056e+00
6.684210526315789713e-02 6.815789473684210620e-01 5.000000000000000000e-01 1.499999999999999944e-02 1.000000000000000000e+03 7.499999999999999722e-02 1.792655917000000043e+00 1.809456905000000004e+00
7.157894736842106143e-02 6.815789473684210620e-01 5.000000000000000000e-01 1.499999999999999944e-02 1.000000000000000000e+03 7.499999999999999722e-02 1.787904887999999914e+00 1.805751724999999919e+00
7.631578947368421184e-02 6.815789473684210620e-01 5.000000000000000000e-01 1.499999999999999944e-02 1.000000000000000000e+03 7.499999999999999722e-02 1.786154661999999949e+00 1.804832001999999935e+00
8.105263157894736226e-02 6.815789473684210620e-01 5.000000000000000000e-01 1.499999999999999944e-02 1.000000000000000000e+03 7.499999999999999722e-02 1.784789946000000072e+00 1.804185334000000029e+00
8.578947368421052655e-02 6.815789473684210620e-01 5.000000000000000000e-01 1.499999999999999944e-02 1.000000000000000000e+03 7.499999999999999722e-02 1.783826316000000078e+00 1.803746537000000094e+00
9.052631578947369084e-02 6.815789473684210620e-01 5.000000000000000000e-01 1.499999999999999944e-02 1.000000000000000000e+03 7.499999999999999722e-02 1.779254107999999945e+00 1.798402633000000028e+00
9.526315789473684126e-02 6.815789473684210620e-01 5.000000000000000000e-01 1.499999999999999944e-02 1.000000000000000000e+03 7.499999999999999722e-02 1.779584400999999927e+00 1.799488025000000047e+00
1.000000000000000056e-01 6.815789473684210620e-01 5.000000000000000000e-01 1.499999999999999944e-02 1.000000000000000000e+03 7.499999999999999722e-02 1.779438282000000093e+00 1.799556536999999956e+00
1.000000000000000021e-02 6.921052631578947789e-01 5.000000000000000000e-01 1.499999999999999944e-02 1.000000000000000000e+03 7.499999999999999722e-02 4.546042700000000103e+00 1.517924522999999914e-01
1.473684210526315930e-02 6.921052631578947789e-01 5.000000000000000000e-01 1.499999999999999944e-02 1.000000000000000000e+03 7.499999999999999722e-02 4.486043244000000207e+00 2.517197327999999845e-01
1.947368421052631665e-02 6.921052631578947789e-01 5.000000000000000000e-01 1.499999999999999944e-02 1.000000000000000000e+03 7.499999999999999722e-02 4.492600791000000093e+00 2.862378575999999786e-01
2.421052631578947401e-02 6.921052631578947789e-01 5.000000000000000000e-01 1.499999999999999944e-02 1.000000000000000000e+03 7.499999999999999722e-02 4.489258543000000046e+00 3.533209654999999727e-01
2.894736842105263136e-02 6.921052631578947789e-01 5.000000000000000000e-01 1.499999999999999944e-02 1.000000000000000000e+03 7.499999999999999722e-02 4.438673385000000415e+00 5.685269873999999612e-01
3.368421052631578871e-02 6.921052631578947789e-01 5.000000000000000000e-01 1.499999999999999944e-02 1.000000000000000000e+03 7.499999999999999722e-02 3.345762166000000093e+00 6.547471338999999446e-01
3.842105263157895301e-02 6.921052631578947789e-01 5.000000000000000000e-01 1.499999999999999944e-02 1.000000000000000000e+03 7.499999999999999722e-02 2.916221796999999949e+00 9.889512365000000527e-01
4.315789473684211036e-02 6.921052631578947789e-01 5.000000000000000000e-01 1.499999999999999944e-02 1.000000000000000000e+03 7.499999999999999722e-02 2.419469326000000198e+00 1.539468088000000012e+00
4.789473684210526772e-02 6.921052631578947789e-01 5.000000000000000000e-01 1.499999999999999944e-02 1.000000000000000000e+03 7.499999999999999722e-02 2.154441453000000006e+00 1.682211345000000025e+00
5.263157894736842507e-02 6.921052631578947789e-01 5.000000000000000000e-01 1.499999999999999944e-02 1.000000000000000000e+03 7.499999999999999722e-02 1.988187445999999969e+00 1.717970871999999982e+00
5.736842105263158242e-02 6.921052631578947789e-01 5.000000000000000000e-01 1.499999999999999944e-02 1.000000000000000000e+03 7.499999999999999722e-02 1.854605658999999962e+00 1.744653452000000105e+00
6.210526315789473978e-02 6.921052631578947789e-01 5.000000000000000000e-01 1.499999999999999944e-02 1.000000000000000000e+03 7.499999999999999722e-02 1.741642327999999962e+00 1.749039969000000028e+00
6.684210526315789713e-02 6.921052631578947789e-01 5.000000000000000000e-01 1.499999999999999944e-02 1.000000000000000000e+03 7.499999999999999722e-02 1.735425390000000068e+00 1.754286406000000076e+00
7.157894736842106143e-02 6.921052631578947789e-01 5.000000000000000000e-01 1.499999999999999944e-02 1.000000000000000000e+03 7.499999999999999722e-02 1.734611576000000044e+00 1.753879533999999962e+00
7.631578947368421184e-02 6.921052631578947789e-01 5.000000000000000000e-01 1.499999999999999944e-02 1.000000000000000000e+03 7.499999999999999722e-02 1.732382054999999976e+00 1.752653959999999955e+00
8.105263157894736226e-02 6.921052631578947789e-01 5.000000000000000000e-01 1.499999999999999944e-02 1.000000000000000000e+03 7.499999999999999722e-02 1.730064076999999978e+00 1.751550823000000090e+00
8.578947368421052655e-02 6.921052631578947789e-01 5.000000000000000000e-01 1.499999999999999944e-02 1.000000000000000000e+03 7.499999999999999722e-02 1.727959829000000003e+00 1.750715966000000012e+00
9.052631578947369084e-02 6.921052631578947789e-01 5.000000000000000000e-01 1.499999999999999944e-02 1.000000000000000000e+03 7.499999999999999722e-02 1.721365919999999994e+00 1.714473354999999977e+00
9.526315789473684126e-02 6.921052631578947789e-01 5.000000000000000000e-01 1.499999999999999944e-02 1.000000000000000000e+03 7.499999999999999722e-02 1.722148334999999975e+00 1.716513911999999920e+00
1.000000000000000056e-01 6.921052631578947789e-01 5.000000000000000000e-01 1.499999999999999944e-02 1.000000000000000000e+03 7.499999999999999722e-02 1.718795771999999999e+00 1.713129909999999922e+00
1.000000000000000021e-02 7.026315789473683848e-01 5.000000000000000000e-01 1.499999999999999944e-02 1.000000000000000000e+03 7.499999999999999722e-02 4.416100722999999562e+00 1.498679975999999969e-01
1.473684210526315930e-02 7.026315789473683848e-01 5.000000000000000000e-01 1.499999999999999944e-02 1.000000000000000000e+03 7.499999999999999722e-02 4.362725765000000422e+00 2.503491837999999858e-01
1.947368421052631665e-02 7.026315789473683848e-01 5.000000000000000000e-01 1.499999999999999944e-02 1.000000000000000000e+03 7.499999999999999722e-02 4.438053851000000272e+00 2.820673262999999764e-01
2.421052631578947401e-02 7.026315789473683848e-01 5.000000000000000000e-01 1.499999999999999944e-02 1.000000000000000000e+03 7.499999999999999722e-02 4.371469410000000444e+00 3.405887242000000259e-01
2.894736842105263136e-02 7.026315789473683848e-01 5.000000000000000000e-01 1.499999999999999944e-02 1.000000000000000000e+03 7.499999999999999722e-02 4.566761710999999835e+00 4.998353583999999850e-01
3.368421052631578871e-02 7.026315789473683848e-01 5.000000000000000000e-01 1.499999999999999944e-02 1.000000000000000000e+03 7.499999999999999722e-02 3.652892437000000214e+00 7.739195519999999551e-01
3.842105263157895301e-02 7.026315789473683848e-01 5.000000000000000000e-01 1.499999999999999944e-02 1.000000000000000000e+03 7.499999999999999722e-02 3.018825542000000084e+00 6.765016736000000197e-01
4.315789473684211036e-02 7.026315789473683848e-01 5.000000000000000000e-01 1.499999999999999944e-02 1.000000000000000000e+03 7.499999999999999722e-02 2.527663516000000055e+00 1.353836516999999962e+00
4.789473684210526772e-02 7.026315789473683848e-01 5.000000000000000000e-01 1.499999999999999944e-02 1.000000000000000000e+03 7.499999999999999722e-02 2.208696160000000130e+00 1.575276394999999940e+00
5.263157894736842507e-02 7.026315789473683848e-01 5.000000000000000000e-01 1.499999999999999944e-02 1.000000000000000000e+03 7.499999999999999722e-02 2.031174549999999801e+00 1.634369402999999998e+00
5.736842105263158242e-02 7.026315789473683848e-01 5.000000000000000000e-01 1.499999999999999944e-02 1.000000000000000000e+03 7.499999999999999722e-02 1.900775804000000013e+00 1.669770978000000072e+00
6.210526315789473978e-02 7.026315789473683848e-01 5.000000000000000000e-01 1.499999999999999944e-02 1.000000000000000000e+03 7.499999999999999722e-02 1.794230519999999940e+00 1.698927757000000094e+00
6.684210526315789713e-02 7.026315789473683848e-01 5.000000000000000000e-01 1.499999999999999944e-02 1.000000000000000000e+03 7.499999999999999722e-02 1.698386420999999924e+00 1.693349071999999955e+00
7.157894736842106143e-02 7.026315789473683848e-01 5.000000000000000000e-01 1.499999999999999944e-02 1.000000000000000000e+03 7.499999999999999722e-02 1.684894695000000109e+00 1.699915228999999917e+00
7.631578947368421184e-02 7.026315789473683848e-01 5.000000000000000000e-01 1.499999999999999944e-02 1.000000000000000000e+03 7.499999999999999722e-02 1.683241489000000035e+00 1.699719989999999958e+00
8.105263157894736226e-02 7.026315789473683848e-01 5.000000000000000000e-01 1.499999999999999944e-02 1.000000000000000000e+03 7.499999999999999722e-02 1.679892857000000017e+00 1.698240509999999981e+00
8.578947368421052655e-02 7.026315789473683848e-01 5.000000000000000000e-01 1.499999999999999944e-02 1.000000000000000000e+03 7.499999999999999722e-02 1.675837334999999984e+00 1.666569863000000096e+00
9.052631578947369084e-02 7.026315789473683848e-01 5.000000000000000000e-01 1.499999999999999944e-02 1.000000000000000000e+03 7.499999999999999722e-02 1.672847165999999941e+00 1.665640511000000101e+00
9.526315789473684126e-02 7.026315789473683848e-01 5.000000000000000000e-01 1.499999999999999944e-02 1.000000000000000000e+03 7.499999999999999722e-02 1.668747379999999891e+00 1.662956590000000068e+00
1.000000000000000056e-01 7.026315789473683848e-01 5.000000000000000000e-01 1.499999999999999944e-02 1.000000000000000000e+03 7.499999999999999722e-02 1.666372820999999949e+00 1.662199050999999983e+00
1.000000000000000021e-02 7.131578947368421018e-01 5.000000000000000000e-01 1.499999999999999944e-02 1.000000000000000000e+03 7.499999999999999722e-02 4.253315268999999788e+00 1.512059963000000062e-01
1.473684210526315930e-02 7.131578947368421018e-01 5.000000000000000000e-01 1.499999999999999944e-02 1.000000000000000000e+03 7.499999999999999722e-02 4.224144773999999991e+00 2.273079172999999953e-01
1.947368421052631665e-02 7.131578947368421018e-01 5.000000000000000000e-01 1.499999999999999944e-02 1.000000000000000000e+03 7.499999999999999722e-02 4.277985833999999876e+00 2.768351152999999898e-01
2.421052631578947401e-02 7.131578947368421018e-01 5.000000000000000000e-01 1.499999999999999944e-02 1.000000000000000000e+03 7.499999999999999722e-02 4.244736589999999588e+00 3.567048918999999874e-01
2.894736842105263136e-02 7.131578947368421018e-01 5.000000000000000000e-01 1.499999999999999944e-02 1.000000000000000000e+03 7.499999999999999722e-02 4.272146923000000207e+00 4.055697985999999755e-01
3.368421052631578871e-02 7.131578947368421018e-01 5.000000000000000000e-01 1.499999999999999944e-02 1.000000000000000000e+03 7.499999999999999722e-02 3.903425765999999797e+00 7.621598644999999506e-01
3.842105263157895301e-02 7.131578947368421018e-01 5.000000000000000000e-01 1.499999999999999944e-02 1.000000000000000000e+03 7.499999999999999722e-02 3.037707452999999891e+00 6.072102045999999698e-01
4.315789473684211036e-02 7.131578947368421018e-01 5.000000000000000000e-01 1.499999999999999944e-02 1.000000000000000000e+03 7.499999999999999722e-02 2.595569713000000167e+00 1.197765654999999985e+00
4.789473684210526772e-02 7.131578947368421018e-01 5.000000000000000000e-01 1.499999999999999944e-02 1.000000000000000000e+03 7.499999999999999722e-02 2.247021280999999870e+00 1.494743568000000078e+00
5.263157894736842507e-02 7.131578947368421018e-01 5.000000000000000000e-01 1.499999999999999944e-02 1.000000000000000000e+03 7.499999999999999722e-02 2.055034808999999907e+00 1.585062049999999889e+00
5.736842105263158242e-02 7.131578947368421018e-01 5.000000000000000000e-01 1.499999999999999944e-02 1.000000000000000000e+03 7.499999999999999722e-02 1.928428582000000002e+00 1.623191504000000007e+00
6.210526315789473978e-02 7.131578947368421018e-01 5.000000000000000000e-01 1.499999999999999944e-02 1.000000000000000000e+03 7.499999999999999722e-02 1.823297761000000072e+00 1.634470909000000027e+00
6.684210526315789713e-02 7.131578947368421018e-01 5.000000000000000000e-01 1.499999999999999944e-02 1.000000000000000000e+03 7.499999999999999722e-02 1.725914372000000085e+00 1.631074004000000022e+00
7.157894736842106143e-02 7.131578947368421018e-01 5.000000000000000000e-01 1.499999999999999944e-02 1.000000000000000000e+03 7.499999999999999722e-02 1.643323453000000045e+00 1.644048278999999946e+00
7.631578947368421184e-02 7.131578947368421018e-01 5.000000000000000000e-01 1.499999999999999944e-02 1.000000000000000000e+03 7.499999999999999722e-02 1.632359644999999970e+00 1.621080794999999908e+00
8.105263157894736226e-02 7.131578947368421018e-01 5.000000000000000000e-01 1.499999999999999944e-02 1.000000000000000000e+03 7.499999999999999722e-02 1.622537834999999928e+00 1.613139252000000079e+00
8.578947368421052655e-02 7.131578947368421018e-01 5.000000000000000000e-01 1.499999999999999944e-02 1.000000000000000000e+03 7.499999999999999722e-02 1.623089280999999939e+00 1.616374919000000077e+00
9.052631578947369084e-02 7.131578947368421018e-01 5.000000000000000000e-01 1.499999999999999944e-02 1.000000000000000000e+03 7.499999999999999722e-02 1.617001692999999962e+00 1.613152026000000072e+00
9.526315789473684126e-02 7.131578947368421018e-01 5.000000000000000000e-01 1.499999999999999944e-02 1.000000000000000000e+03 7.499999999999999722e-02 1.611550143000000102e+00 1.610347658000000015e+00
1.000000000000000056e-01 7.131578947368421018e-01 5.000000000000000000e-01 1.499999999999999944e-02 1.000000000000000000e+03 7.499999999999999722e-02 1.606596546000000014e+00 1.608608495999999999e+00
1.000000000000000021e-02 7.236842105263158187e-01 5.000000000000000000e-01 1.499999999999999944e-02 1.000000000000000000e+03 7.499999999999999722e-02 4.084707637000000169e+00 1.561534001999999866e-01
1.473684210526315930e-02 7.236842105263158187e-01 5.000000000000000000e-01 1.499999999999999944e-02 1.000000000000000000e+03 7.499999999999999722e-02 4.115538262000000280e+00 2.285805790999999865e-01
1.947368421052631665e-02 7.236842105263158187e-01 5.000000000000000000e-01 1.499999999999999944e-02 1.000000000000000000e+03 7.499999999999999722e-02 4.157115272000000417e+00 2.638621881000000058e-01
2.421052631578947401e-02 7.236842105263158187e-01 5.000000000000000000e-01 1.499999999999999944e-02 1.000000000000000000e+03 7.499999999999999722e-02 4.134371383999999594e+00 3.366199073999999736e-01
2.894736842105263136e-02 7.236842105263158187e-01 5.000000000000000000e-01 1.499999999999999944e-02 1.000000000000000000e+03 7.499999999999999722e-02 4.082710995000000231e+00 3.752152275999999786e-01
3.368421052631578871e-02 7.236842105263158187e-01 5.000000000000000000e-01 1.499999999999999944e-02 1.000000000000000000e+03 7.499999999999999722e-02 4.050874819999999765e+00 6.171487477999999527e-01
3.842105263157895301e-02 7.236842105263158187e-01 5.000000000000000000e-01 1.499999999999999944e-02 1.000000000000000000e+03 7.499999999999999722e-02 3.008314359999999965e+00 5.419051243000000406e-01
4.315789473684211036e-02 7.236842105263158187e-01 5.000000000000000000e-01 1.499999999999999944e-02 1.000000000000000000e+03 7.499999999999999722e-02 2.643638435999999814e+00 1.009871089000000000e+00
4.789473684210526772e-02 7.236842105263158187e-01 5.000000000000000000e-01 1.499999999999999944e-02 1.000000000000000000e+03 7.499999999999999722e-02 2.278563271999999973e+00 1.385973160000000037e+00
5.263157894736842507e-02 7.236842105263158187e-01 5.000000000000000000e-01 1.499999999999999944e-02 1.000000000000000000e+03 7.499999999999999722e-02 2.065646012999999837e+00 1.513457516999999974e+00
5.736842105263158242e-02 7.236842105263158187e-01 5.000000000000000000e-01 1.499999999999999944e-02 1.000000000000000000e+03 7.499999999999999722e-02 1.932688229000000035e+00 1.534744990999999947e+00
6.210526315789473978e-02 7.236842105263158187e-01 5.000000000000000000e-01 1.499999999999999944e-02 1.000000000000000000e+03 7.499999999999999722e-02 1.830513319000000028e+00 1.572877239999999954e+00
6.684210526315789713e-02 7.236842105263158187e-01 5.000000000000000000e-01 1.499999999999999944e-02 1.000000000000000000e+03 7.499999999999999722e-02 1.741507509999999925e+00 1.568784082999999940e+00
7.157894736842106143e-02 7.236842105263158187e-01 5.000000000000000000e-01 1.499999999999999944e-02 1.000000000000000000e+03 7.499999999999999722e-02 1.659402083000000028e+00 1.581979736000000081e+00
7.631578947368421184e-02 7.236842105263158187e-01 5.000000000000000000e-01 1.499999999999999944e-02 1.000000000000000000e+03 7.499999999999999722e-02 1.584662148000000048e+00 1.560721787999999943e+00
8.105263157894736226e-02 7.236842105263158187e-01 5.000000000000000000e-01 1.499999999999999944e-02 1.000000000000000000e+03 7.499999999999999722e-02 1.566471232000000047e+00 1.565950353999999933e+00
8.578947368421052655e-02 7.236842105263158187e-01 5.000000000000000000e-01 1.499999999999999944e-02 1.000000000000000000e+03 7.499999999999999722e-02 1.560412144999999917e+00 1.562919715000000043e+00
9.052631578947369084e-02 7.236842105263158187e-01 5.000000000000000000e-01 1.499999999999999944e-02 1.000000000000000000e+03 7.499999999999999722e-02 1.553731350999999927e+00 1.559280274000000022e+00
9.526315789473684126e-02 7.236842105263158187e-01 5.000000000000000000e-01 1.499999999999999944e-02 1.000000000000000000e+03 7.499999999999999722e-02 1.547891896000000100e+00 1.557313677000000007e+00
1.000000000000000056e-01 7.236842105263158187e-01 5.000000000000000000e-01 1.499999999999999944e-02 1.000000000000000000e+03 7.499999999999999722e-02 1.542147568999999940e+00 1.554877376000000089e+00
1.000000000000000021e-02 7.342105263157894246e-01 5.000000000000000000e-01 1.499999999999999944e-02 1.000000000000000000e+03 7.499999999999999722e-02 3.918476554999999806e+00 1.266510547999999958e-01
1.473684210526315930e-02 7.342105263157894246e-01 5.000000000000000000e-01 1.499999999999999944e-02 1.000000000000000000e+03 7.499999999999999722e-02 3.957238359000000205e+00 1.953730691999999991e-01
1.947368421052631665e-02 7.342105263157894246e-01 5.000000000000000000e-01 1.499999999999999944e-02 1.000000000000000000e+03 7.499999999999999722e-02 4.023245864999999810e+00 2.474530899000000062e-01
2.421052631578947401e-02 7.342105263157894246e-01 5.000000000000000000e-01 1.499999999999999944e-02 1.000000000000000000e+03 7.499999999999999722e-02 4.015874406000000008e+00 3.287726447000000052e-01
2.894736842105263136e-02 7.342105263157894246e-01 5.000000000000000000e-01 1.499999999999999944e-02 1.000000000000000000e+03 7.499999999999999722e-02 3.955198214999999795e+00 3.852357321000000057e-01
3.368421052631578871e-02 7.342105263157894246e-01 5.000000000000000000e-01 1.499999999999999944e-02 1.000000000000000000e+03 7.499999999999999722e-02 3.929747612999999973e+00 5.496279191999999814e-01
3.842105263157895301e-02 7.342105263157894246e-01 5.000000000000000000e-01 1.499999999999999944e-02 1.000000000000000000e+03 7.499999999999999722e-02 2.912464512000000116e+00 5.481089624999999632e-01
4.315789473684211036e-02 7.342105263157894246e-01 5.000000000000000000e-01 1.499999999999999944e-02 1.000000000000000000e+03 7.499999999999999722e-02 2.628339729999999985e+00 8.511874310000000499e-01
4.789473684210526772e-02 7.342105263157894246e-01 5.000000000000000000e-01 1.499999999999999944e-02 1.000000000000000000e+03 7.499999999999999722e-02 2.269423498000000095e+00 1.253634719999999980e+00
5.263157894736842507e-02 7.342105263157894246e-01 5.000000000000000000e-01 1.499999999999999944e-02 1.000000000000000000e+03 7.499999999999999722e-02 2.046024425000000146e+00 1.405047276999999983e+00
5.736842105263158242e-02 7.342105263157894246e-01 5.000000000000000000e-01 1.499999999999999944e-02 1.000000000000000000e+03 7.499999999999999722e-02 1.906859979999999899e+00 1.461269823999999939e+00
6.210526315789473978e-02 7.342105263157894246e-01 5.000000000000000000e-01 1.499999999999999944e-02 1.000000000000000000e+03 7.499999999999999722e-02 1.807521584000000070e+00 1.473117642000000060e+00
6.684210526315789713e-02 7.342105263157894246e-01 5.000000000000000000e-01 1.499999999999999944e-02 1.000000000000000000e+03 7.499999999999999722e-02 1.724947527000000091e+00 1.497024740999999937e+00
7.157894736842106143e-02 7.342105263157894246e-01 5.000000000000000000e-01 1.499999999999999944e-02 1.000000000000000000e+03 7.499999999999999722e-02 1.651461089999999965e+00 1.481178716999999923e+00
7.631578947368421184e-02 7.342105263157894246e-01 5.000000000000000000e-01 1.499999999999999944e-02 1.000000000000000000e+03 7.499999999999999722e-02 1.581271067999999946e+00 1.488175768000000065e+00
8.105263157894736226e-02 7.342105263157894246e-01 5.000000000000000000e-01 1.499999999999999944e-02 1.000000000000000000e+03 7.499999999999999722e-02 1.515414698000000060e+00 1.489926803999999994e+00
8.578947368421052655e-02 7.342105263157894246e-01 5.000000000000000000e-01 1.499999999999999944e-02 1.000000000000000000e+03 7.499999999999999722e-02 1.482081254999999986e+00 1.473832009000000109e+00
9.052631578947369084e-02 7.342105263157894246e-01 5.000000000000000000e-01 1.499999999999999944e-02 1.000000000000000000e+03 7.499999999999999722e-02 1.476468544000000049e+00 1.471206889999999934e+00
9.526315789473684126e-02 7.342105263157894246e-01 5.000000000000000000e-01 1.499999999999999944e-02 1.000000000000000000e+03 7.499999999999999722e-02 1.471147897999999898e+00 1.468633456000000059e+00
1.000000000000000056e-01 7.342105263157894246e-01 5.000000000000000000e-01 1.499999999999999944e-02 1.000000000000000000e+03 7.499999999999999722e-02 1.466418350000000093e+00 1.466543257999999961e+00
1.000000000000000021e-02 7.447368421052631415e-01 5.000000000000000000e-01 1.499999999999999944e-02 1.000000000000000000e+03 7.499999999999999722e-02 3.803904163999999977e+00 1.335087352000000060e-01
1.473684210526315930e-02 7.447368421052631415e-01 5.000000000000000000e-01 1.499999999999999944e-02 1.000000000000000000e+03 7.499999999999999722e-02 3.821094291000000087e+00 1.982694504999999996e-01
1.947368421052631665e-02 7.447368421052631415e-01 5.000000000000000000e-01 1.499999999999999944e-02 1.000000000000000000e+03 7.499999999999999722e-02 3.861619874000000063e+00 2.601999254999999844e-01
2.421052631578947401e-02 7.447368421052631415e-01 5.000000000000000000e-01 1.499999999999999944e-02 1.000000000000000000e+03 7.499999999999999722e-02 3.863001784999999799e+00 3.322311440999999865e-01
2.894736842105263136e-02 7.447368421052631415e-01 5.000000000000000000e-01 1.499999999999999944e-02 1.000000000000000000e+03 7.499999999999999722e-02 3.901870574999999786e+00 4.181941538999999763e-01
3.368421052631578871e-02 7.447368421052631415e-01 5.000000000000000000e-01 1.499999999999999944e-02 1.000000000000000000e+03 7.499999999999999722e-02 3.798390646000000093e+00 5.361280134000000475e-01
3.842105263157895301e-02 7.447368421052631415e-01 5.000000000000000000e-01 1.499999999999999944e-02 1.000000000000000000e+03 7.499999999999999722e-02 2.822345304000000166e+00 6.025816967999999552e-01
4.315789473684211036e-02 7.447368421052631415e-01 5.000000000000000000e-01 1.499999999999999944e-02 1.000000000000000000e+03 7.499999999999999722e-02 2.586043528999999896e+00 7.134203968000000229e-01
4.789473684210526772e-02 7.447368421052631415e-01 5.000000000000000000e-01 1.499999999999999944e-02 1.000000000000000000e+03 7.499999999999999722e-02 2.250793700000000008e+00 1.162352467000000056e+00
5.263157894736842507e-02 7.447368421052631415e-01 5.000000000000000000e-01 1.499999999999999944e-02 1.000000000000000000e+03 7.499999999999999722e-02 2.013940396999999827e+00 1.316813932999999937e+00
5.736842105263158242e-02 7.447368421052631415e-01 5.000000000000000000e-01 1.499999999999999944e-02 1.000000000000000000e+03 7.499999999999999722e-02 1.872489848999999928e+00 1.383933736999999997e+00
6.210526315789473978e-02 7.447368421052631415e-01 5.000000000000000000e-01 1.499999999999999944e-02 1.000000000000000000e+03 7.499999999999999722e-02 1.771684341000000051e+00 1.400919910999999907e+00
6.684210526315789713e-02 7.447368421052631415e-01 5.000000000000000000e-01 1.499999999999999944e-02 1.000000000000000000e+03 7.499999999999999722e-02 1.694389174000000109e+00 1.423673908999999904e+00
7.157894736842106143e-02 7.447368421052631415e-01 5.000000000000000000e-01 1.499999999999999944e-02 1.000000000000000000e+03 7.499999999999999722e-02 1.625399440999999889e+00 1.435265205999999960e+00
7.631578947368421184e-02 7.447368421052631415e-01 5.000000000000000000e-01 1.499999999999999944e-02 1.000000000000000000e+03 7.499999999999999722e-02 1.561838682000000089e+00 1.441590324999999950e+00
8.105263157894736226e-02 7.447368421052631415e-01 5.000000000000000000e-01 1.499999999999999944e-02 1.000000000000000000e+03 7.499999999999999722e-02 1.501456139999999939e+00 1.419335484999999952e+00
8.578947368421052655e-02 7.447368421052631415e-01 5.000000000000000000e-01 1.499999999999999944e-02 1.000000000000000000e+03 7.499999999999999722e-02 1.445080448999999989e+00 1.419398444000000037e+00
9.052631578947369084e-02 7.447368421052631415e-01 5.000000000000000000e-01 1.499999999999999944e-02 1.000000000000000000e+03 7.499999999999999722e-02 1.426062103000000025e+00 1.425621873999999956e+00
9.526315789473684126e-02 7.447368421052631415e-01 5.000000000000000000e-01 1.499999999999999944e-02 1.000000000000000000e+03 7.499999999999999722e-02 1.423135695000000034e+00 1.424519094999999957e+00
1.000000000000000056e-01 7.447368421052631415e-01 5.000000000000000000e-01 1.499999999999999944e-02 1.000000000000000000e+03 7.499999999999999722e-02 1.420150977000000037e+00 1.423089400000000060e+00
1.000000000000000021e-02 7.552631578947368585e-01 5.000000000000000000e-01 1.499999999999999944e-02 1.000000000000000000e+03 7.499999999999999722e-02 3.686857831000000196e+00 1.501536243999999909e-01
1.473684210526315930e-02 7.552631578947368585e-01 5.000000000000000000e-01 1.499999999999999944e-02 1.000000000000000000e+03 7.499999999999999722e-02 3.714775678000000081e+00 2.103773972999999908e-01
1.947368421052631665e-02 7.552631578947368585e-01 5.000000000000000000e-01 1.499999999999999944e-02 1.000000000000000000e+03 7.499999999999999722e-02 3.738140216000000127e+00 2.287512818000000114e-01
2.421052631578947401e-02 7.552631578947368585e-01 5.000000000000000000e-01 1.499999999999999944e-02 1.000000000000000000e+03 7.499999999999999722e-02 3.701587276999999787e+00 3.163126561999999864e-01
2.894736842105263136e-02 7.552631578947368585e-01 5.000000000000000000e-01 1.499999999999999944e-02 1.000000000000000000e+03 7.499999999999999722e-02 3.806706431999999918e+00 3.957786421000000221e-01
3.368421052631578871e-02 7.552631578947368585e-01 5.000000000000000000e-01 1.499999999999999944e-02 1.000000000000000000e+03 7.499999999999999722e-02 3.679845886999999927e+00 5.163955197999999802e-01
3.842105263157895301e-02 7.552631578947368585e-01 5.000000000000000000e-01 1.499999999999999944e-02 1.000000000000000000e+03 7.499999999999999722e-02 2.724259460999999938e+00 5.913228328999999839e-01
4.315789473684211036e-02 7.552631578947368585e-01 5.000000000000000000e-01 1.499999999999999944e-02 1.000000000000000000e+03 7.499999999999999722e-02 2.535137935999999925e+00 6.122404572999999850e-01
4.789473684210526772e-02 7.552631578947368585e-01 5.000000000000000000e-01 1.499999999999999944e-02 1.000000000000000000e+03 7.499999999999999722e-02 2.217418620000000118e+00 1.072303620000000013e+00
5.263157894736842507e-02 7.552631578947368585e-01 5.000000000000000000e-01 1.499999999999999944e-02 1.000000000000000000e+03 7.499999999999999722e-02 1.976540549999999952e+00 1.250598064999999925e+00
5.736842105263158242e-02 7.552631578947368585e-01 5.000000000000000000e-01 1.499999999999999944e-02 1.000000000000000000e+03 7.499999999999999722e-02 1.828627393999999962e+00 1.328287596000000015e+00
6.210526315789473978e-02 7.552631578947368585e-01 5.000000000000000000e-01 1.499999999999999944e-02 1.000000000000000000e+03 7.499999999999999722e-02 1.730548914999999965e+00 1.349834975999999909e+00
6.684210526315789713e-02 7.552631578947368585e-01 5.000000000000000000e-01 1.499999999999999944e-02 1.000000000000000000e+03 7.499999999999999722e-02 1.656924397999999909e+00 1.373778873000000011e+00
7.157894736842106143e-02 7.552631578947368585e-01 5.000000000000000000e-01 1.499999999999999944e-02 1.000000000000000000e+03 7.499999999999999722e-02 1.596396640999999894e+00 1.377945358999999925e+00
7.631578947368421184e-02 7.552631578947368585e-01 5.000000000000000000e-01 1.499999999999999944e-02 1.000000000000000000e+03 7.499999999999999722e-02 1.534264014999999981e+00 1.394461042999999956e+00
8.105263157894736226e-02 7.552631578947368585e-01 5.000000000000000000e-01 1.499999999999999944e-02 1.000000000000000000e+03 7.499999999999999722e-02 1.476805437000000110e+00 1.398944783999999997e+00
8.578947368421052655e-02 7.552631578947368585e-01 5.000000000000000000e-01 1.499999999999999944e-02 1.000000000000000000e+03 7.499999999999999722e-02 1.422394005999999989e+00 1.401076090000000107e+00
9.052631578947369084e-02 7.552631578947368585e-01 5.000000000000000000e-01 1.499999999999999944e-02 1.000000000000000000e+03 7.499999999999999722e-02 1.391659227000000110e+00 1.389908715000000017e+00
9.526315789473684126e-02 7.552631578947368585e-01 5.000000000000000000e-01 1.499999999999999944e-02 1.000000000000000000e+03 7.499999999999999722e-02 1.390511674000000086e+00 1.389450778999999914e+00
1.000000000000000056e-01 7.552631578947368585e-01 5.000000000000000000e-01 1.499999999999999944e-02 1.000000000000000000e+03 7.499999999999999722e-02 1.389081986999999963e+00 1.388756094999999968e+00
1.000000000000000021e-02 7.657894736842105754e-01 5.000000000000000000e-01 1.499999999999999944e-02 1.000000000000000000e+03 7.499999999999999722e-02 3.561502692999999997e+00 1.403618960000000138e-01
1.473684210526315930e-02 7.657894736842105754e-01 5.000000000000000000e-01 1.499999999999999944e-02 1.000000000000000000e+03 7.499999999999999722e-02 3.559100234000000196e+00 1.635443159999999951e-01
1.947368421052631665e-02 7.657894736842105754e-01 5.000000000000000000e-01 1.499999999999999944e-02 1.000000000000000000e+03 7.499999999999999722e-02 3.569474292999999854e+00 2.351580457000000124e-01
2.421052631578947401e-02 7.657894736842105754e-01 5.000000000000000000e-01 1.499999999999999944e-02 1.000000000000000000e+03 7.499999999999999722e-02 3.638566632999999939e+00 2.804097061999999974e-01
2.894736842105263136e-02 7.657894736842105754e-01 5.000000000000000000e-01 1.499999999999999944e-02 1.000000000000000000e+03 7.499999999999999722e-02 3.639465466999999954e+00 4.614372241999999957e-01
3.368421052631578871e-02 7.657894736842105754e-01 5.000000000000000000e-01 1.499999999999999944e-02 1.000000000000000000e+03 7.499999999999999722e-02 3.463019066000000201e+00 5.626932022999999727e-01
3.842105263157895301e-02 7.657894736842105754e-01 5.000000000000000000e-01 1.499999999999999944e-02 1.000000000000000000e+03 7.499999999999999722e-02 2.637330442000000108e+00 5.950912837999999816e-01
4.315789473684211036e-02 7.657894736842105754e-01 5.000000000000000000e-01 1.499999999999999944e-02 1.000000000000000000e+03 7.499999999999999722e-02 2.441759144999999798e+00 6.110590740000000354e-01
4.789473684210526772e-02 7.657894736842105754e-01 5.000000000000000000e-01 1.499999999999999944e-02 1.000000000000000000e+03 7.499999999999999722e-02 2.155894650000000023e+00 1.030582059999999966e+00
5.263157894736842507e-02 7.657894736842105754e-01 5.000000000000000000e-01 1.499999999999999944e-02 1.000000000000000000e+03 7.499999999999999722e-02 1.924939551000000026e+00 1.212046410999999990e+00
5.736842105263158242e-02 7.657894736842105754e-01 5.000000000000000000e-01 1.499999999999999944e-02 1.000000000000000000e+03 7.499999999999999722e-02 1.784881877999999977e+00 1.284869672999999990e+00
6.210526315789473978e-02 7.657894736842105754e-01 5.000000000000000000e-01 1.499999999999999944e-02 1.000000000000000000e+03 7.499999999999999722e-02 1.688646995000000040e+00 1.308324378000000010e+00
6.684210526315789713e-02 7.657894736842105754e-01 5.000000000000000000e-01 1.499999999999999944e-02 1.000000000000000000e+03 7.499999999999999722e-02 1.618983704999999995e+00 1.331268769000000018e+00
7.157894736842106143e-02 7.657894736842105754e-01 5.000000000000000000e-01 1.499999999999999944e-02 1.000000000000000000e+03 7.499999999999999722e-02 1.561664952000000106e+00 1.341946628000000086e+00
7.631578947368421184e-02 7.657894736842105754e-01 5.000000000000000000e-01 1.499999999999999944e-02 1.000000000000000000e+03 7.499999999999999722e-02 1.509337209999999985e+00 1.347763497000000088e+00
8.105263157894736226e-02 7.657894736842105754e-01 5.000000000000000000e-01 1.499999999999999944e-02 1.000000000000000000e+03 7.499999999999999722e-02 1.460331599999999952e+00 1.348761531000000069e+00
8.578947368421052655e-02 7.657894736842105754e-01 5.000000000000000000e-01 1.499999999999999944e-02 1.000000000000000000e+03 7.499999999999999722e-02 1.411921038000000017e+00 1.349462195000000087e+00
9.052631578947369084e-02 7.657894736842105754e-01 5.000000000000000000e-01 1.499999999999999944e-02 1.000000000000000000e+03 7.499999999999999722e-02 1.368118876000000039e+00 1.345020482000000017e+00
9.526315789473684126e-02 7.657894736842105754e-01 5.000000000000000000e-01 1.499999999999999944e-02 1.000000000000000000e+03 7.499999999999999722e-02 1.356344883000000001e+00 1.350120452000000082e+00
1.000000000000000056e-01 7.657894736842105754e-01 5.000000000000000000e-01 1.499999999999999944e-02 1.000000000000000000e+03 7.499999999999999722e-02 1.355473826999999964e+00 1.350000376999999974e+00
1.000000000000000021e-02 7.763157894736841813e-01 5.000000000000000000e-01 1.499999999999999944e-02 1.000000000000000000e+03 7.499999999999999722e-02 3.407547448999999951e+00 1.377210436999999899e-01
1.473684210526315930e-02 7.763157894736841813e-01 5.000000000000000000e-01 1.499999999999999944e-02 1.000000000000000000e+03 7.499999999999999722e-02 3.431323938999999879e+00 1.761810514999999910e-01
1.947368421052631665e-02 7.763157894736841813e-01 5.000000000000000000e-01 1.499999999999999944e-02 1.000000000000000000e+03 7.499999999999999722e-02 3.392741170999999945e+00 2.502389534000000193e-01
2.421052631578947401e-02 7.763157894736841813e-01 5.000000000000000000e-01 1.499999999999999944e-02 1.000000000000000000e+03 7.499999999999999722e-02 3.358415227000000058e+00 2.900331345000000116e-01
2.894736842105263136e-02 7.763157894736841813e-01 5.000000000000000000e-01 1.499999999999999944e-02 1.000000000000000000e+03 7.499999999999999722e-02 3.315376071999999841e+00 4.648431277000000250e-01
3.368421052631578871e-02 7.763157894736841813e-01 5.000000000000000000e-01 1.499999999999999944e-02 1.000000000000000000e+03 7.499999999999999722e-02 3.127582378000000052e+00 5.990965113999999758e-01
3.842105263157895301e-02 7.763157894736841813e-01 5.000000000000000000e-01 1.499999999999999944e-02 1.000000000000000000e+03 7.499999999999999722e-02 2.513393749000000010e+00 5.652676844999999783e-01
4.315789473684211036e-02 7.763157894736841813e-01 5.000000000000000000e-01 1.499999999999999944e-02 1.000000000000000000e+03 7.499999999999999722e-02 2.353739658999999929e+00 5.807212573000000155e-01
4.789473684210526772e-02 7.763157894736841813e-01 5.000000000000000000e-01 1.499999999999999944e-02 1.000000000000000000e+03 7.499999999999999722e-02 2.100002374999999866e+00 9.786930292000000087e-01
5.263157894736842507e-02 7.763157894736841813e-01 5.000000000000000000e-01 1.499999999999999944e-02 1.000000000000000000e+03 7.499999999999999722e-02 1.887751471000000070e+00 1.151513393000000107e+00
5.736842105263158242e-02 7.763157894736841813e-01 5.000000000000000000e-01 1.499999999999999944e-02 1.000000000000000000e+03 7.499999999999999722e-02 1.751855404999999921e+00 1.231601624000000061e+00
6.210526315789473978e-02 7.763157894736841813e-01 5.000000000000000000e-01 1.499999999999999944e-02 1.000000000000000000e+03 7.499999999999999722e-02 1.656207289999999999e+00 1.281204186999999939e+00
6.684210526315789713e-02 7.763157894736841813e-01 5.000000000000000000e-01 1.499999999999999944e-02 1.000000000000000000e+03 7.499999999999999722e-02 1.587384211999999906e+00 1.281067825999999910e+00
7.157894736842106143e-02 7.763157894736841813e-01 5.000000000000000000e-01 1.499999999999999944e-02 1.000000000000000000e+03 7.499999999999999722e-02 1.531726573000000036e+00 1.287220226000000078e+00
7.631578947368421184e-02 7.763157894736841813e-01 5.000000000000000000e-01 1.499999999999999944e-02 1.000000000000000000e+03 7.499999999999999722e-02 1.482999050000000096e+00 1.291111080999999938e+00
8.105263157894736226e-02 7.763157894736841813e-01 5.000000000000000000e-01 1.499999999999999944e-02 1.000000000000000000e+03 7.499999999999999722e-02 1.438245076999999927e+00 1.289696367999999982e+00
8.578947368421052655e-02 7.763157894736841813e-01 5.000000000000000000e-01 1.499999999999999944e-02 1.000000000000000000e+03 7.499999999999999722e-02 1.395727458000000087e+00 1.310262196999999906e+00
9.052631578947369084e-02 7.763157894736841813e-01 5.000000000000000000e-01 1.499999999999999944e-02 1.000000000000000000e+03 7.499999999999999722e-02 1.355101480999999941e+00 1.303386809999999896e+00
9.526315789473684126e-02 7.763157894736841813e-01 5.000000000000000000e-01 1.499999999999999944e-02 1.000000000000000000e+03 7.499999999999999722e-02 1.318575657000000012e+00 1.296650480999999910e+00
1.000000000000000056e-01 7.763157894736841813e-01 5.000000000000000000e-01 1.499999999999999944e-02 1.000000000000000000e+03 7.499999999999999722e-02 1.305738975999999996e+00 1.300147790000000025e+00
1.000000000000000021e-02 7.868421052631578982e-01 5.000000000000000000e-01 1.499999999999999944e-02 1.000000000000000000e+03 7.499999999999999722e-02 3.299625960999999830e+00 1.138632464000000066e-01
1.473684210526315930e-02 7.868421052631578982e-01 5.000000000000000000e-01 1.499999999999999944e-02 1.000000000000000000e+03 7.499999999999999722e-02 3.307059515999999810e+00 1.836125697999999862e-01
1.947368421052631665e-02 7.868421052631578982e-01 5.000000000000000000e-01 1.499999999999999944e-02 1.000000000000000000e+03 7.499999999999999722e-02 3.289500852999999836e+00 2.357622865000000012e-01
2.421052631578947401e-02 7.868421052631578982e-01 5.000000000000000000e-01 1.499999999999999944e-02 1.000000000000000000e+03 7.499999999999999722e-02 3.282156357999999940e+00 2.963573266999999789e-01
2.894736842105263136e-02 7.868421052631578982e-01 5.000000000000000000e-01 1.499999999999999944e-02 1.000000000000000000e+03 7.499999999999999722e-02 3.222733755000000144e+00 4.590638430999999797e-01
3.368421052631578871e-02 7.868421052631578982e-01 5.000000000000000000e-01 1.499999999999999944e-02 1.000000000000000000e+03 7.499999999999999722e-02 2.865220466999999882e+00 6.042707990000000251e-01
3.842105263157895301e-02 7.868421052631578982e-01 5.000000000000000000e-01 1.499999999999999944e-02 1.000000000000000000e+03 7.499999999999999722e-02 2.402030138999999842e+00 5.080692021999999586e-01
4.315789473684211036e-02 7.868421052631578982e-01 5.000000000000000000e-01 1.499999999999999944e-02 1.000000000000000000e+03 7.499999999999999722e-02 2.263804772999999937e+00 5.838355926999999612e-01
4.789473684210526772e-02 7.868421052631578982e-01 5.000000000000000000e-01 1.499999999999999944e-02 1.000000000000000000e+03 7.499999999999999722e-02 2.038725727000000099e+00 9.354428821000000394e-01
5.263157894736842507e-02 7.868421052631578982e-01 5.000000000000000000e-01 1.499999999999999944e-02 1.000000000000000000e+03 7.499999999999999722e-02 1.835828634000000070e+00 1.098339632999999926e+00
5.736842105263158242e-02 7.868421052631578982e-01 5.000000000000000000e-01 1.499999999999999944e-02 1.000000000000000000e+03 7.499999999999999722e-02 1.706756541000000071e+00 1.184333912999999905e+00
6.210526315789473978e-02 7.868421052631578982e-01 5.000000000000000000e-01 1.499999999999999944e-02 1.000000000000000000e+03 7.499999999999999722e-02 1.616309736999999913e+00 1.211580238000000032e+00
6.684210526315789713e-02 7.868421052631578982e-01 5.000000000000000000e-01 1.499999999999999944e-02 1.000000000000000000e+03 7.499999999999999722e-02 1.549058072000000008e+00 1.205214011000000029e+00
7.157894736842106143e-02 7.868421052631578982e-01 5.000000000000000000e-01 1.499999999999999944e-02 1.000000000000000000e+03 7.499999999999999722e-02 1.495103907000000065e+00 1.209711261000000038e+00
7.631578947368421184e-02 7.868421052631578982e-01 5.000000000000000000e-01 1.499999999999999944e-02 1.000000000000000000e+03 7.499999999999999722e-02 1.449669134999999942e+00 1.206956386000000103e+00
8.105263157894736226e-02 7.868421052631578982e-01 5.000000000000000000e-01 1.499999999999999944e-02 1.000000000000000000e+03 7.499999999999999722e-02 1.409732696000000063e+00 1.222927282999999976e+00
8.578947368421052655e-02 7.868421052631578982e-01 5.000000000000000000e-01 1.499999999999999944e-02 1.000000000000000000e+03 7.499999999999999722e-02 1.372928260999999983e+00 1.218976630000000005e+00
9.052631578947369084e-02 7.868421052631578982e-01 5.000000000000000000e-01 1.499999999999999944e-02 1.000000000000000000e+03 7.499999999999999722e-02 1.332566802000000106e+00 1.221529000000000087e+00
9.526315789473684126e-02 7.868421052631578982e-01 5.000000000000000000e-01 1.499999999999999944e-02 1.000000000000000000e+03 7.499999999999999722e-02 1.299118648000000098e+00 1.208474614000000003e+00
1.000000000000000056e-01 7.868421052631578982e-01 5.000000000000000000e-01 1.499999999999999944e-02 1.000000000000000000e+03 7.499999999999999722e-02 1.266173562999999946e+00 1.218815028000000078e+00
1.000000000000000021e-02 7.973684210526315042e-01 5.000000000000000000e-01 1.499999999999999944e-02 1.000000000000000000e+03 7.499999999999999722e-02 3.187517080000000114e+00 1.368336417999999888e-01
1.473684210526315930e-02 7.973684210526315042e-01 5.000000000000000000e-01 1.499999999999999944e-02 1.000000000000000000e+03 7.499999999999999722e-02 3.173529611999999833e+00 2.160626449999999976e-01
1.947368421052631665e-02 7.973684210526315042e-01 5.000000000000000000e-01 1.499999999999999944e-02 1.000000000000000000e+03 7.499999999999999722e-02 3.205065725999999948e+00 2.527274689999999824e-01
2.421052631578947401e-02 7.973684210526315042e-01 5.000000000000000000e-01 1.499999999999999944e-02 1.000000000000000000e+03 7.499999999999999722e-02 3.202924685999999799e+00 3.485061822000000142e-01
2.894736842105263136e-02 7.973684210526315042e-01 5.000000000000000000e-01 1.499999999999999944e-02 1.000000000000000000e+03 7.499999999999999722e-02 3.147878604999999830e+00 3.927568560999999958e-01
3.368421052631578871e-02 7.973684210526315042e-01 5.000000000000000000e-01 1.499999999999999944e-02 1.000000000000000000e+03 7.499999999999999722e-02 2.529657661999999974e+00 6.184782627999999560e-01
3.842105263157895301e-02 7.973684210526315042e-01 5.000000000000000000e-01 1.499999999999999944e-02 1.000000000000000000e+03 7.499999999999999722e-02 2.262366408000000106e+00 4.300788935000000035e-01
4.315789473684211036e-02 7.973684210526315042e-01 5.000000000000000000e-01 1.499999999999999944e-02 1.000000000000000000e+03 7.499999999999999722e-02 2.116178314999999976e+00 6.185189574999999662e-01
4.789473684210526772e-02 7.973684210526315042e-01 5.000000000000000000e-01 1.499999999999999944e-02 1.000000000000000000e+03 7.499999999999999722e-02 1.913413860999999994e+00 8.907016465000000549e-01
5.263157894736842507e-02 7.973684210526315042e-01 5.000000000000000000e-01 1.499999999999999944e-02 1.000000000000000000e+03 7.499999999999999722e-02 1.749569071999999892e+00 1.035361444000000075e+00
5.736842105263158242e-02 7.973684210526315042e-01 5.000000000000000000e-01 1.499999999999999944e-02 1.000000000000000000e+03 7.499999999999999722e-02 1.631585869000000022e+00 1.092152647000000032e+00
6.210526315789473978e-02 7.973684210526315042e-01 5.000000000000000000e-01 1.499999999999999944e-02 1.000000000000000000e+03 7.499999999999999722e-02 1.548792963999999994e+00 1.110427379999999964e+00
6.684210526315789713e-02 7.973684210526315042e-01 5.000000000000000000e-01 1.499999999999999944e-02 1.000000000000000000e+03 7.499999999999999722e-02 1.486746797999999981e+00 1.121325793000000015e+00
7.157894736842106143e-02 7.973684210526315042e-01 5.000000000000000000e-01 1.499999999999999944e-02 1.000000000000000000e+03 7.499999999999999722e-02 1.437408704000000093e+00 1.132165754000000080e+00
7.631578947368421184e-02 7.973684210526315042e-01 5.000000000000000000e-01 1.499999999999999944e-02 1.000000000000000000e+03 7.499999999999999722e-02 1.395791666999999903e+00 1.129699669000000073e+00
8.105263157894736226e-02 7.973684210526315042e-01 5.000000000000000000e-01 1.499999999999999944e-02 1.000000000000000000e+03 7.499999999999999722e-02 1.358901549999999903e+00 1.123503810000000103e+00
8.578947368421052655e-02 7.973684210526315042e-01 5.000000000000000000e-01 1.499999999999999944e-02 1.000000000000000000e+03 7.499999999999999722e-02 1.325831151999999902e+00 1.136810971999999920e+00
9.052631578947369084e-02 7.973684210526315042e-01 5.000000000000000000e-01 1.499999999999999944e-02 1.000000000000000000e+03 7.499999999999999722e-02 1.295030700999999951e+00 1.131618148000000046e+00
9.526315789473684126e-02 7.973684210526315042e-01 5.000000000000000000e-01 1.499999999999999944e-02 1.000000000000000000e+03 7.499999999999999722e-02 1.265313447999999896e+00 1.141933142000000068e+00
1.000000000000000056e-01 7.973684210526315042e-01 5.000000000000000000e-01 1.499999999999999944e-02 1.000000000000000000e+03 7.499999999999999722e-02 1.239505362000000055e+00 1.127828215000000078e+00
1.000000000000000021e-02 8.078947368421052211e-01 5.000000000000000000e-01 1.499999999999999944e-02 1.000000000000000000e+03 7.499999999999999722e-02 3.030072634000000154e+00 1.273289635000000031e-01
1.473684210526315930e-02 8.078947368421052211e-01 5.000000000000000000e-01 1.499999999999999944e-02 1.000000000000000000e+03 7.499999999999999722e-02 3.011792749000000047e+00 2.159746687999999915e-01
1.947368421052631665e-02 8.078947368421052211e-01 5.000000000000000000e-01 1.499999999999999944e-02 1.000000000000000000e+03 7.499999999999999722e-02 3.039234179000000147e+00 2.760143577999999986e-01
2.421052631578947401e-02 8.078947368421052211e-01 5.000000000000000000e-01 1.499999999999999944e-02 1.000000000000000000e+03 7.499999999999999722e-02 2.983164453000000105e+00 3.490807686999999881e-01
2.894736842105263136e-02 8.078947368421052211e-01 5.000000000000000000e-01 1.499999999999999944e-02 1.000000000000000000e+03 7.499999999999999722e-02 2.987984937999999868e+00 4.694626168000000099e-01
3.368421052631578871e-02 8.078947368421052211e-01 5.000000000000000000e-01 1.499999999999999944e-02 1.000000000000000000e+03 7.499999999999999722e-02 2.381960513000000113e+00 6.157951286999999718e-01
3.842105263157895301e-02 8.078947368421052211e-01 5.000000000000000000e-01 1.499999999999999944e-02 1.000000000000000000e+03 7.499999999999999722e-02 2.162380136999999980e+00 4.461312387999999962e-01
4.315789473684211036e-02 8.078947368421052211e-01 5.000000000000000000e-01 1.499999999999999944e-02 1.000000000000000000e+03 7.499999999999999722e-02 2.037177445000000198e+00 6.280809190999999680e-01
4.789473684210526772e-02 8.078947368421052211e-01 5.000000000000000000e-01 1.499999999999999944e-02 1.000000000000000000e+03 7.499999999999999722e-02 1.888676527000000105e+00 8.615886179999999728e-01
5.263157894736842507e-02 8.078947368421052211e-01 5.000000000000000000e-01 1.499999999999999944e-02 1.000000000000000000e+03 7.499999999999999722e-02 1.754196469999999897e+00 9.836785339000000405e-01
5.736842105263158242e-02 8.078947368421052211e-01 5.000000000000000000e-01 1.499999999999999944e-02 1.000000000000000000e+03 7.499999999999999722e-02 1.640118914000000094e+00 1.049872252999999978e+00
6.210526315789473978e-02 8.078947368421052211e-01 5.000000000000000000e-01 1.499999999999999944e-02 1.000000000000000000e+03 7.499999999999999722e-02 1.553548053000000095e+00 1.106517976999999986e+00
6.684210526315789713e-02 8.078947368421052211e-01 5.000000000000000000e-01 1.499999999999999944e-02 1.000000000000000000e+03 7.499999999999999722e-02 1.483773650000000055e+00 1.125274359000000057e+00
7.157894736842106143e-02 8.078947368421052211e-01 5.000000000000000000e-01 1.499999999999999944e-02 1.000000000000000000e+03 7.499999999999999722e-02 1.429504777000000004e+00 1.137608914999999943e+00
7.631578947368421184e-02 8.078947368421052211e-01 5.000000000000000000e-01 1.499999999999999944e-02 1.000000000000000000e+03 7.499999999999999722e-02 1.386599694999999910e+00 1.140907176000000023e+00
8.105263157894736226e-02 8.078947368421052211e-01 5.000000000000000000e-01 1.499999999999999944e-02 1.000000000000000000e+03 7.499999999999999722e-02 1.352306508999999934e+00 1.137387895999999898e+00
8.578947368421052655e-02 8.078947368421052211e-01 5.000000000000000000e-01 1.499999999999999944e-02 1.000000000000000000e+03 7.499999999999999722e-02 1.322159319000000055e+00 1.125199411000000094e+00
9.052631578947369084e-02 8.078947368421052211e-01 5.000000000000000000e-01 1.499999999999999944e-02 1.000000000000000000e+03 7.499999999999999722e-02 1.296606321000000062e+00 1.138443268999999924e+00
9.526315789473684126e-02 8.078947368421052211e-01 5.000000000000000000e-01 1.499999999999999944e-02 1.000000000000000000e+03 7.499999999999999722e-02 1.271930306000000011e+00 1.128746629999999973e+00
1.000000000000000056e-01 8.078947368421052211e-01 5.000000000000000000e-01 1.499999999999999944e-02 1.000000000000000000e+03 7.499999999999999722e-02 1.248822694000000011e+00 1.140212645000000080e+00
1.000000000000000021e-02 8.184210526315789380e-01 5.000000000000000000e-01 1.499999999999999944e-02 1.000000000000000000e+03 7.499999999999999722e-02 2.897450118000000074e+00 1.244311916000000046e-01
1.473684210526315930e-02 8.184210526315789380e-01 5.000000000000000000e-01 1.499999999999999944e-02 1.000000000000000000e+03 7.499999999999999722e-02 2.879977629999999955e+00 1.983268894000000115e-01
1.947368421052631665e-02 8.184210526315789380e-01 5.000000000000000000e-01 1.499999999999999944e-02 1.000000000000000000e+03 7.499999999999999722e-02 2.875244396999999896e+00 2.478548087999999927e-01
2.421052631578947401e-02 8.184210526315789380e-01 5.000000000000000000e-01 1.499999999999999944e-02 1.000000000000000000e+03 7.499999999999999722e-02 2.853480962999999981e+00 3.361664529000000234e-01
2.894736842105263136e-02 8.184210526315789380e-01 5.000000000000000000e-01 1.499999999999999944e-02 1.000000000000000000e+03 7.499999999999999722e-02 2.886033255000000075e+00 4.405337638999999861e-01
3.368421052631578871e-02 8.184210526315789380e-01 5.000000000000000000e-01 1.499999999999999944e-02 1.000000000000000000e+03 7.499999999999999722e-02 2.615395120000000073e+00 5.424302997000000071e-01
3.842105263157895301e-02 8.184210526315789380e-01 5.000000000000000000e-01 1.499999999999999944e-02 1.000000000000000000e+03 7.499999999999999722e-02 2.110684619000000151e+00 4.999594474999999871e-01
4.315789473684211036e-02 8.184210526315789380e-01 5.000000000000000000e-01 1.499999999999999944e-02 1.000000000000000000e+03 7.499999999999999722e-02 2.015063287999999897e+00 4.778777645000000240e-01
4.789473684210526772e-02 8.184210526315789380e-01 5.000000000000000000e-01 1.499999999999999944e-02 1.000000000000000000e+03 7.499999999999999722e-02 1.885717156999999977e+00 7.187112401999999900e-01
5.263157894736842507e-02 8.184210526315789380e-01 5.000000000000000000e-01 1.499999999999999944e-02 1.000000000000000000e+03 7.499999999999999722e-02 1.756392772000000102e+00 8.805134407000000385e-01
5.736842105263158242e-02 8.184210526315789380e-01 5.000000000000000000e-01 1.499999999999999944e-02 1.000000000000000000e+03 7.499999999999999722e-02 1.648662638000000014e+00 9.759988954999999633e-01
6.210526315789473978e-02 8.184210526315789380e-01 5.000000000000000000e-01 1.499999999999999944e-02 1.000000000000000000e+03 7.499999999999999722e-02 1.558256617000000066e+00 1.034077051999999997e+00
6.684210526315789713e-02 8.184210526315789380e-01 5.000000000000000000e-01 1.499999999999999944e-02 1.000000000000000000e+03 7.499999999999999722e-02 1.485090956000000073e+00 1.056477252000000089e+00
7.157894736842106143e-02 8.184210526315789380e-01 5.000000000000000000e-01 1.499999999999999944e-02 1.000000000000000000e+03 7.499999999999999722e-02 1.425598109000000058e+00 1.073425620999999941e+00
7.631578947368421184e-02 8.184210526315789380e-01 5.000000000000000000e-01 1.499999999999999944e-02 1.000000000000000000e+03 7.499999999999999722e-02 1.378377911000000067e+00 1.080003956999999959e+00
8.105263157894736226e-02 8.184210526315789380e-01 5.000000000000000000e-01 1.499999999999999944e-02 1.000000000000000000e+03 7.499999999999999722e-02 1.339567616000000072e+00 1.093286777999999959e+00
8.578947368421052655e-02 8.184210526315789380e-01 5.000000000000000000e-01 1.499999999999999944e-02 1.000000000000000000e+03 7.499999999999999722e-02 1.308317528999999979e+00 1.086964854999999952e+00
9.052631578947369084e-02 8.184210526315789380e-01 5.000000000000000000e-01 1.499999999999999944e-02 1.000000000000000000e+03 7.499999999999999722e-02 1.281249144000000006e+00 1.078405062999999942e+00
9.526315789473684126e-02 8.184210526315789380e-01 5.000000000000000000e-01 1.499999999999999944e-02 1.000000000000000000e+03 7.499999999999999722e-02 1.257083410999999984e+00 1.089291535000000088e+00
1.000000000000000056e-01 8.184210526315789380e-01 5.000000000000000000e-01 1.499999999999999944e-02 1.000000000000000000e+03 7.499999999999999722e-02 1.234315977999999925e+00 1.077436134000000045e+00
1.000000000000000021e-02 8.289473684210526550e-01 5.000000000000000000e-01 1.499999999999999944e-02 1.000000000000000000e+03 7.499999999999999722e-02 2.747483501000000050e+00 1.269090471000000053e-01
1.473684210526315930e-02 8.289473684210526550e-01 5.000000000000000000e-01 1.499999999999999944e-02 1.000000000000000000e+03 7.499999999999999722e-02 2.755720686000000086e+00 1.838079791999999990e-01
1.947368421052631665e-02 8.289473684210526550e-01 5.000000000000000000e-01 1.499999999999999944e-02 1.000000000000000000e+03 7.499999999999999722e-02 2.757421803999999810e+00 2.390739433999999886e-01
2.421052631578947401e-02 8.289473684210526550e-01 5.000000000000000000e-01 1.499999999999999944e-02 1.000000000000000000e+03 7.499999999999999722e-02 2.769956812999999851e+00 3.126861415000000144e-01
2.894736842105263136e-02 8.289473684210526550e-01 5.000000000000000000e-01 1.499999999999999944e-02 1.000000000000000000e+03 7.499999999999999722e-02 2.749725482000000110e+00 3.274281775999999811e-01
3.368421052631578871e-02 8.289473684210526550e-01 5.000000000000000000e-01 1.499999999999999944e-02 1.000000000000000000e+03 7.499999999999999722e-02 2.728724408000000157e+00 4.612019754000000193e-01
3.842105263157895301e-02 8.289473684210526550e-01 5.000000000000000000e-01 1.499999999999999944e-02 1.000000000000000000e+03 7.499999999999999722e-02 2.218153309999999934e+00 5.897346707999999715e-01
4.315789473684211036e-02 8.289473684210526550e-01 5.000000000000000000e-01 1.499999999999999944e-02 1.000000000000000000e+03 7.499999999999999722e-02 1.988635482000000065e+00 4.332899152999999948e-01
4.789473684210526772e-02 8.289473684210526550e-01 5.000000000000000000e-01 1.499999999999999944e-02 1.000000000000000000e+03 7.499999999999999722e-02 1.880112631000000034e+00 5.746986746000000146e-01
5.263157894736842507e-02 8.289473684210526550e-01 5.000000000000000000e-01 1.499999999999999944e-02 1.000000000000000000e+03 7.499999999999999722e-02 1.755558203000000095e+00 7.795376101000000002e-01
5.736842105263158242e-02 8.289473684210526550e-01 5.000000000000000000e-01 1.499999999999999944e-02 1.000000000000000000e+03 7.499999999999999722e-02 1.645768858000000057e+00 8.912954660999999890e-01
6.210526315789473978e-02 8.289473684210526550e-01 5.000000000000000000e-01 1.499999999999999944e-02 1.000000000000000000e+03 7.499999999999999722e-02 1.556618223000000079e+00 9.482313236999999617e-01
6.684210526315789713e-02 8.289473684210526550e-01 5.000000000000000000e-01 1.499999999999999944e-02 1.000000000000000000e+03 7.499999999999999722e-02 1.481771694000000084e+00 9.967703528000000368e-01
7.157894736842106143e-02 8.289473684210526550e-01 5.000000000000000000e-01 1.499999999999999944e-02 1.000000000000000000e+03 7.499999999999999722e-02 1.420755474999999990e+00 1.019062960000000073e+00
7.631578947368421184e-02 8.289473684210526550e-01 5.000000000000000000e-01 1.499999999999999944e-02 1.000000000000000000e+03 7.499999999999999722e-02 1.368681634999999952e+00 1.029796842999999962e+00
8.105263157894736226e-02 8.289473684210526550e-01 5.000000000000000000e-01 1.499999999999999944e-02 1.000000000000000000e+03 7.499999999999999722e-02 1.324417946000000068e+00 1.031614919999999991e+00
8.578947368421052655e-02 8.289473684210526550e-01 5.000000000000000000e-01 1.499999999999999944e-02 1.000000000000000000e+03 7.499999999999999722e-02 1.288741719999999980e+00 1.028177931999999961e+00
9.052631578947369084e-02 8.289473684210526550e-01 5.000000000000000000e-01 1.499999999999999944e-02 1.000000000000000000e+03 7.499999999999999722e-02 1.258752298000000103e+00 1.041411891999999950e+00
9.526315789473684126e-02 8.289473684210526550e-01 5.000000000000000000e-01 1.499999999999999944e-02 1.000000000000000000e+03 7.499999999999999722e-02 1.232498069000000029e+00 1.032366552999999909e+00
1.000000000000000056e-01 8.289473684210526550e-01 5.000000000000000000e-01 1.499999999999999944e-02 1.000000000000000000e+03 7.499999999999999722e-02 1.209504007999999908e+00 1.041656232000000015e+00
1.000000000000000021e-02 8.394736842105263719e-01 5.000000000000000000e-01 1.499999999999999944e-02 1.000000000000000000e+03 7.499999999999999722e-02 2.604795624999999948e+00 1.198475187999999969e-01
1.473684210526315930e-02 8.394736842105263719e-01 5.000000000000000000e-01 1.499999999999999944e-02 1.000000000000000000e+03 7.499999999999999722e-02 2.623343715999999937e+00 1.673814221999999907e-01
1.947368421052631665e-02 8.394736842105263719e-01 5.000000000000000000e-01 1.499999999999999944e-02 1.000000000000000000e+03 7.499999999999999722e-02 2.635533833000000214e+00 2.053621237999999904e-01
2.421052631578947401e-02 8.394736842105263719e-01 5.000000000000000000e-01 1.499999999999999944e-02 1.000000000000000000e+03 7.499999999999999722e-02 2.599533484999999811e+00 2.472150465000000075e-01
2.894736842105263136e-02 8.394736842105263719e-01 5.000000000000000000e-01 1.499999999999999944e-02 1.000000000000000000e+03 7.499999999999999722e-02 2.614764717999999988e+00 3.142546716999999878e-01
3.368421052631578871e-02 8.394736842105263719e-01 5.000000000000000000e-01 1.499999999999999944e-02 1.000000000000000000e+03 7.499999999999999722e-02 2.575536061000000210e+00 3.949827748999999999e-01
3.842105263157895301e-02 8.394736842105263719e-01 5.000000000000000000e-01 1.499999999999999944e-02 1.000000000000000000e+03 7.499999999999999722e-02 2.355451550999999810e+00 4.927881198999999879e-01
4.315789473684211036e-02 8.394736842105263719e-01 5.000000000000000000e-01 1.499999999999999944e-02 1.000000000000000000e+03 7.499999999999999722e-02 1.928084300000000084e+00 4.794232950000000271e-01
4.789473684210526772e-02 8.394736842105263719e-01 5.000000000000000000e-01 1.499999999999999944e-02 1.000000000000000000e+03 7.499999999999999722e-02 1.843846515999999935e+00 4.341747510000000254e-01
5.263157894736842507e-02 8.394736842105263719e-01 5.000000000000000000e-01 1.499999999999999944e-02 1.000000000000000000e+03 7.499999999999999722e-02 1.734644241999999892e+00 6.527627682000000098e-01
5.736842105263158242e-02 8.394736842105263719e-01 5.000000000000000000e-01 1.499999999999999944e-02 1.000000000000000000e+03 7.499999999999999722e-02 1.627826256999999943e+00 7.963828659999999671e-01
6.210526315789473978e-02 8.394736842105263719e-01 5.000000000000000000e-01 1.499999999999999944e-02 1.000000000000000000e+03 7.499999999999999722e-02 1.540935613999999898e+00 8.727454763999999976e-01
6.684210526315789713e-02 8.394736842105263719e-01 5.000000000000000000e-01 1.499999999999999944e-02 1.000000000000000000e+03 7.499999999999999722e-02 1.467804093999999893e+00 9.254369140000000549e-01
7.157894736842106143e-02 8.394736842105263719e-01 5.000000000000000000e-01 1.499999999999999944e-02 1.000000000000000000e+03 7.499999999999999722e-02 1.406852696000000069e+00 9.428691802999999982e-01
7.631578947368421184e-02 8.394736842105263719e-01 5.000000000000000000e-01 1.499999999999999944e-02 1.000000000000000000e+03 7.499999999999999722e-02 1.353144990000000103e+00 9.553481083999999512e-01
8.105263157894736226e-02 8.394736842105263719e-01 5.000000000000000000e-01 1.499999999999999944e-02 1.000000000000000000e+03 7.499999999999999722e-02 1.307782875000000011e+00 9.623535549999999716e-01
8.578947368421052655e-02 8.394736842105263719e-01 5.000000000000000000e-01 1.499999999999999944e-02 1.000000000000000000e+03 7.499999999999999722e-02 1.269666412999999938e+00 9.884072566999999587e-01
9.052631578947369084e-02 8.394736842105263719e-01 5.000000000000000000e-01 1.499999999999999944e-02 1.000000000000000000e+03 7.499999999999999722e-02 1.235874836000000032e+00 9.825101278000000216e-01
9.526315789473684126e-02 8.394736842105263719e-01 5.000000000000000000e-01 1.499999999999999944e-02 1.000000000000000000e+03 7.499999999999999722e-02 1.206567063000000051e+00 9.731048856999999774e-01
1.000000000000000056e-01 8.394736842105263719e-01 5.000000000000000000e-01 1.499999999999999944e-02 1.000000000000000000e+03 7.499999999999999722e-02 1.181654396000000107e+00 9.814779523000000117e-01
1.000000000000000021e-02 8.499999999999999778e-01 5.000000000000000000e-01 1.499999999999999944e-02 1.000000000000000000e+03 7.499999999999999722e-02 2.461525535999999903e+00 1.028626980000000024e-01
1.473684210526315930e-02 8.499999999999999778e-01 5.000000000000000000e-01 1.499999999999999944e-02 1.000000000000000000e+03 7.499999999999999722e-02 2.455765026999999989e+00 1.508515532999999964e-01
1.947368421052631665e-02 8.499999999999999778e-01 5.000000000000000000e-01 1.499999999999999944e-02 1.000000000000000000e+03 7.499999999999999722e-02 2.479325376999999886e+00 1.909466750000000101e-01
2.421052631578947401e-02 8.499999999999999778e-01 5.000000000000000000e-01 1.499999999999999944e-02 1.000000000000000000e+03 7.499999999999999722e-02 2.440146584999999924e+00 2.324692660999999883e-01
2.894736842105263136e-02 8.499999999999999778e-01 5.000000000000000000e-01 1.499999999999999944e-02 1.000000000000000000e+03 7.499999999999999722e-02 2.470089866999999995e+00 2.641729521000000247e-01
3.368421052631578871e-02 8.499999999999999778e-01 5.000000000000000000e-01 1.499999999999999944e-02 1.000000000000000000e+03 7.499999999999999722e-02 2.442616811999999804e+00 3.022331064000000067e-01
3.842105263157895301e-02 8.499999999999999778e-01 5.000000000000000000e-01 1.499999999999999944e-02 1.000000000000000000e+03 7.499999999999999722e-02 2.455037059999999993e+00 4.081102153000000232e-01
4.315789473684211036e-02 8.499999999999999778e-01 5.000000000000000000e-01 1.499999999999999944e-02 1.000000000000000000e+03 7.499999999999999722e-02 1.963930753999999945e+00 5.198475179999999529e-01
4.789473684210526772e-02 8.499999999999999778e-01 5.000000000000000000e-01 1.499999999999999944e-02 1.000000000000000000e+03 7.499999999999999722e-02 1.779408944000000048e+00 3.772543843999999758e-01
5.263157894736842507e-02 8.499999999999999778e-01 5.000000000000000000e-01 1.499999999999999944e-02 1.000000000000000000e+03 7.499999999999999722e-02 1.690757373999999924e+00 5.067105064000000381e-01
5.736842105263158242e-02 8.499999999999999778e-01 5.000000000000000000e-01 1.499999999999999944e-02 1.000000000000000000e+03 7.499999999999999722e-02 1.591330201999999971e+00 6.814427633999999845e-01
6.210526315789473978e-02 8.499999999999999778e-01 5.000000000000000000e-01 1.499999999999999944e-02 1.000000000000000000e+03 7.499999999999999722e-02 1.504514340999999922e+00 7.647864356000000363e-01
6.684210526315789713e-02 8.499999999999999778e-01 5.000000000000000000e-01 1.499999999999999944e-02 1.000000000000000000e+03 7.499999999999999722e-02 1.436197273000000108e+00 8.328458879000000259e-01
7.157894736842106143e-02 8.499999999999999778e-01 5.000000000000000000e-01 1.499999999999999944e-02 1.000000000000000000e+03 7.499999999999999722e-02 1.377788726999999991e+00 8.706316433999999882e-01
7.631578947368421184e-02 8.499999999999999778e-01 5.000000000000000000e-01 1.499999999999999944e-02 1.000000000000000000e+03 7.499999999999999722e-02 1.325023247999999931e+00 8.885806855000000226e-01
8.105263157894736226e-02 8.499999999999999778e-01 5.000000000000000000e-01 1.499999999999999944e-02 1.000000000000000000e+03 7.499999999999999722e-02 1.280495560999999949e+00 9.073356320000000030e-01
8.578947368421052655e-02 8.499999999999999778e-01 5.000000000000000000e-01 1.499999999999999944e-02 1.000000000000000000e+03 7.499999999999999722e-02 1.239827905000000063e+00 9.102237335999999734e-01
9.052631578947369084e-02 8.499999999999999778e-01 5.000000000000000000e-01 1.499999999999999944e-02 1.000000000000000000e+03 7.499999999999999722e-02 1.205254803000000097e+00 9.163527918999999633e-01
9.526315789473684126e-02 8.499999999999999778e-01 5.000000000000000000e-01 1.499999999999999944e-02 1.000000000000000000e+03 7.499999999999999722e-02 1.173557573999999937e+00 9.109334480999999872e-01
1.000000000000000056e-01 8.499999999999999778e-01 5.000000000000000000e-01 1.499999999999999944e-02 1.000000000000000000e+03 7.499999999999999722e-02 1.146588455000000062e+00 9.218717497999999733e-01
