5.674929199898289811e-01 4.838697495583297800e-03 6.460856768596601185e-02 2.294185677963903602e-01
5.272423570910059754e-01 3.080195012003077333e-03 6.102091612961110800e-02 1.652893315190638868e-01
1.269849331588787100e-01 1.949249596928065691e-03 8.734114045687696448e-02 2.077440293156573303e-01
5.785529965478136694e-01 1.830318136430086461e-03 1.140975009387033834e-01 2.653881158599997736e-01
5.430146372733005711e-01 3.955593000061765133e-03 5.325959347111405146e-02 1.975002280161528567e-01
2.611003915756804350e-01 4.748069055027417246e-03 7.490311821997727194e-03 1.646600567611391508e-01
4.477550656342484392e-01 2.163122903859606913e-03 1.467903174464544047e-01 4.303176185443010615e-01
5.756837330404711572e-01 3.901789825035164878e-03 8.779491701497503520e-02 2.668127050523086963e-01
5.657680635781745515e-01 3.102732270739229619e-03 3.670590081640859315e-02 1.833380336478025452e-01
5.740151434199380898e-01 3.765270712982394293e-03 2.401502628520402888e-02 1.445684248300212471e-01
